396.125
395.668
395.211
394.755
394.298
393.841
393.384
392.928
392.472
392.016
391.56
391.105
390.651
390.201
389.752
389.301
388.85
388.398
387.945
387.493
387.04
386.587
386.134
385.68
385.227
384.773
384.32
383.866
383.412
382.957
382.503
382.048
381.593
381.138
380.682
380.226
379.77
379.314
378.857
378.4
377.942
377.484
377.027
376.57
376.116
375.661
375.211
374.748
374.314
373.926
373.475
373.02
372.525
372.032
371.535
371.153
370.838
370.379
369.881
369.502
369.182
368.894
368.522
368.217
367.895
367.555
367.297
367.004
366.651
366.4
366.2
366.021
365.761
365.517
365.322
365.159
365.02
364.899
364.627
364.412
364.262
364.143
364.047
363.965
363.677
363.39
363.102
362.814
362.527
362.239
361.952
361.664
361.377
361.089
360.802
360.515
360.227
359.94
359.653
359.365
359.078
358.791
358.504
358.217
357.93
357.643
357.356
357.069
356.782
356.495
356.209
355.922
355.635
355.349
355.062
354.776
354.49
354.203
353.917
353.631
353.345
353.059
352.773
352.487
352.201
351.916
351.63
351.345
351.06
350.775
350.489
350.204
349.92
349.635
349.35
349.066
348.782
348.498
348.214
347.93
347.647
347.363
347.08
346.798
346.515
346.232
345.95
345.668
345.386
345.105
344.824
344.543
344.263
343.983
343.703
343.423
343.144
342.866
342.588
342.31
342.033
341.757
341.48
341.205
340.93
340.655
340.38
340.107
339.835
339.562
339.29
339.019
338.751
338.479
338.209
337.94
337.668
337.397
337.127
336.858
336.587
336.315
336.044
335.774
335.502
335.231
334.959
334.687
334.416
334.144
333.872
333.601
333.329
333.057
332.786
332.514
332.242
331.971
331.699
331.427
331.156
330.884
330.612
330.341
330.069
329.798
329.526
329.254
328.983
328.711
328.439
328.168
327.896
327.625
327.353
327.081
326.81
326.538
326.267
325.995
325.723
325.452
325.18
324.909
324.637
324.366
324.094
323.823
323.551
323.28
323.008
322.736
322.465
322.193
321.922
321.65
321.379
321.107
320.836
320.564
320.293
320.021
319.75
319.479
319.207
318.936
318.664
318.393
318.121
317.85
317.579
317.307
317.036
316.764
316.493
316.222
315.95
315.679
315.408
315.137
314.865
314.594
314.323
314.051
313.78
313.509
313.238
312.966
312.695
312.424
312.153
311.882
311.611
311.34
311.069
310.797
310.526
310.255
309.984
309.713
309.442
309.171
308.9
308.63
308.359
308.088
307.817
307.546
307.275
307.005
306.734
306.463
306.192
305.922
305.651
305.381
305.11
304.84
304.569
304.299
304.028
303.758
303.488
303.217
302.947
302.677
302.407
302.137
301.867
301.597
301.327
301.057
300.787
300.517
300.248
299.978
299.709
299.439
299.17
298.9
298.631
298.362
298.093
297.824
297.556
297.287
297.018
296.749
296.481
296.213
295.945
295.677
295.41
295.142
294.874
294.607
294.341
294.074
293.807
293.541
293.275
293.009
292.743
292.478
292.214
291.949
291.686
291.423
291.161
290.898
290.637
290.377
290.117
289.858
289.601
289.346
289.091
288.838
288.586
288.336
288.088
287.841
287.598
287.356
287.116
286.88
286.655
286.436
286.226
286.025
285.837
285.649
285.474
285.333
285.237
285.151
285.056
284.9
284.765
284.666
284.579
284.494
284.405
284.268
283.998
283.921
283.873
283.84
283.816
283.796
283.777
283.752
283.694
283.603
283.513
283.423
283.333
283.243
283.153
283.062
282.97
282.902
282.837
282.774
282.713
282.655
282.6
282.547
282.496
282.448
282.401
282.356
282.311
282.267
282.096
