171.479
171.682
171.885
172.09
172.293
172.496
172.699
172.903
173.108
173.313
173.518
173.725
173.935
174.153
174.375
174.589
174.805
175.018
175.231
175.444
175.656
175.867
176.079
176.29
176.501
176.711
176.921
177.131
177.34
177.549
177.757
177.965
178.172
178.379
178.585
178.79
178.994
179.2
179.403
179.605
179.805
180.007
180.209
180.413
180.622
180.83
181.046
181.237
181.485
181.8
182.015
182.224
182.294
182.377
182.428
182.75
183.139
183.337
183.377
183.703
184.088
184.496
184.831
185.227
185.609
185.975
186.404
186.809
187.163
187.596
188.054
188.521
188.948
189.384
189.845
190.317
190.798
191.283
191.702
192.154
192.631
193.116
193.607
194.1
194.509
194.918
195.327
195.736
196.145
196.554
196.963
197.372
197.781
198.191
198.6
199.009
199.418
199.827
200.236
200.646
201.055
201.464
201.874
202.283
202.692
203.102
203.511
203.921
204.33
204.74
205.15
205.559
205.969
206.379
206.788
207.198
207.608
208.018
208.428
208.838
209.248
209.658
210.069
210.479
210.889
211.3
211.71
212.12
212.531
212.942
213.353
213.764
214.175
214.586
214.997
215.408
215.819
216.231
216.642
217.054
217.466
217.878
218.29
218.702
219.115
219.527
219.94
220.353
220.766
221.179
221.593
222.007
222.421
222.835
223.249
223.663
224.078
224.494
224.909
225.325
225.741
226.159
226.575
226.992
227.41
227.827
228.245
228.664
229.084
229.502
229.922
230.342
230.764
231.184
231.604
232.026
232.446
232.866
233.287
233.708
234.128
234.548
234.968
235.389
235.808
236.228
236.648
237.068
237.487
237.907
238.327
238.747
239.167
239.586
240.006
240.426
240.846
241.265
241.685
242.105
242.525
242.944
243.364
243.784
244.204
244.624
245.043
245.463
245.883
246.303
246.723
247.142
247.562
247.982
248.402
248.822
249.241
249.661
250.081
250.501
250.921
251.34
251.76
252.18
252.6
253.02
253.44
253.859
254.279
254.699
255.119
255.539
255.959
256.378
256.798
257.218
257.638
258.058
258.478
258.898
259.318
259.737
260.157
260.577
260.997
261.417
261.837
262.257
262.677
263.097
263.517
263.937
264.357
264.776
265.196
265.616
266.036
266.456
266.876
267.296
267.716
268.136
268.556
268.976
269.396
269.816
270.236
270.657
271.077
271.497
271.917
272.337
272.757
273.177
273.597
274.017
274.438
274.858
275.278
275.698
276.118
276.539
276.959
277.379
277.799
278.22
278.64
279.06
279.48
279.901
280.321
280.741
281.162
281.582
282.003
282.423
282.844
283.264
283.685
284.105
284.526
284.946
285.367
285.788
286.208
286.629
287.05
287.471
287.891
288.312
288.733
289.154
289.575
289.996
290.417
290.838
291.259
291.681
292.102
292.523
292.945
293.366
293.787
294.209
294.63
295.052
295.474
295.896
296.318
296.739
297.161
297.584
298.006
298.429
298.851
299.274
299.696
300.119
300.542
300.965
301.389
301.812
302.236
302.66
303.084
303.509
303.934
304.359
304.784
305.21
305.637
306.064
306.491
306.918
307.347
307.777
308.207
308.639
309.071
309.504
309.937
310.373
310.809
311.247
311.686
312.126
312.573
313.022
313.476
313.934
314.397
314.86
315.329
315.809
316.299
316.792
317.283
317.758
318.239
318.729
319.222
319.714
320.207
320.687
321.108
321.602
322.1
322.599
323.098
323.598
324.097
324.597
325.094
325.585
326.077
326.569
327.061
327.552
328.044
328.536
329.027
329.523
330.019
330.515
331.011
331.508
332.004
332.502
332.999
333.497
333.995
334.492
334.99
335.488
336.018
