284.494
284.506
284.518
284.531
284.544
284.558
284.571
284.584
284.596
284.608
284.618
284.628
284.636
284.644
284.651
284.657
284.662
284.667
284.671
284.674
284.677
284.68
284.682
284.683
284.685
284.686
284.687
284.688
284.689
284.689
284.689
284.689
284.688
284.687
284.685
284.683
284.681
284.677
284.673
284.668
284.662
284.655
284.647
284.638
284.627
284.615
284.601
284.585
284.568
284.55
284.53
284.508
284.485
284.461
284.436
284.41
284.384
284.357
284.331
284.305
284.28
284.257
284.237
284.218
284.203
284.191
284.183
284.179
284.179
284.184
284.193
284.206
284.224
284.246
284.271
284.3
284.332
284.366
284.403
284.441
284.481
284.522
284.564
284.607
284.649
284.692
284.735
284.777
284.818
284.859
284.9
284.94
284.978
285.016
285.053
285.09
285.125
285.16
285.193
285.226
285.258
285.29
285.32
285.35
285.38
285.408
285.436
285.464
285.49
285.517
285.542
285.568
285.592
285.616
285.64
285.663
285.686
285.708
285.73
285.752
285.772
285.793
285.813
285.833
285.852
285.871
285.89
285.908
285.926
285.944
285.961
285.979
285.996
286.013
286.031
286.048
286.066
286.084
286.103
286.122
286.141
286.162
286.183
286.205
286.227
286.251
286.276
286.302
286.328
286.356
286.385
286.414
286.444
286.475
286.506
286.537
286.568
286.598
286.628
286.657
286.685
286.712
286.737
286.759
286.779
286.798
286.814
286.828
286.84
286.85
286.858
286.864
286.87
286.874
286.878
286.881
286.885
286.888
286.892
286.896
286.9
286.905
286.91
286.914
286.918
286.92
286.921
286.918
286.913
286.902
286.887
286.864
286.834
286.795
286.747
286.687
286.616
286.533
286.437
286.327
286.208
286.076
285.974
285.885
285.716
285.532
285.357
285.177
284.99
284.803
284.6
284.356
284.356
284.286
283.905
283.905
283.839
283.599
283.278
282.949
282.631
282.275
281.903
281.498
281.126
280.725
280.289
279.845
279.394
278.965
278.521
278.044
277.586
277.14
276.717
276.289
275.816
275.339
274.95
274.575
274.127
273.695
273.269
272.849
272.435
272.026
271.621
271.221
270.825
270.431
270.04
269.651
269.263
268.876
268.489
268.104
267.717
267.331
266.944
266.557
266.168
265.779
265.389
264.999
264.608
264.216
263.824
263.431
263.038
262.644
262.25
261.856
261.462
261.068
260.674
260.28
259.886
259.492
259.098
258.704
258.311
257.918
257.524
257.132
256.738
256.346
255.953
255.561
255.169
254.776
254.384
253.993
253.6
253.208
252.816
252.424
252.033
251.64
251.249
250.857
250.465
250.073
249.681
249.289
248.898
248.506
248.114
247.723
247.331
246.939
246.548
246.156
245.765
245.373
244.982
244.59
244.199
243.808
243.417
243.025
242.634
242.243
241.852
241.461
241.07
240.679
240.288
239.897
239.506
239.115
238.725
238.334
237.943
237.553
237.162
236.771
236.381
235.99
235.6
235.21
234.819
234.429
234.039
233.648
233.258
232.868
232.478
232.088
231.697
231.307
230.917
230.527
230.137
229.747
229.357
228.967
228.577
228.187
227.798
227.408
227.018
226.629
226.239
225.849
225.46
225.07
224.681
224.291
223.902
223.513
223.124
222.735
222.347
221.958
221.569
221.181
220.792
220.404
220.016
219.628
219.24
218.853
218.465
218.077
217.689
217.302
216.914
216.527
216.141
215.753
215.367
214.98
214.593
214.207
213.821
213.435
213.049
212.664
212.279
211.896
211.512
211.129
210.747
210.366
209.985
209.605
209.226
208.848
208.47
208.093
207.717
207.34
206.964
206.587
206.211
205.833
205.454
205.072
204.689
204.303
203.913
203.519
203.12
202.718
202.309
201.896
201.477
201.055
200.63
200.199
199.78
199.348
198.889
198.435
197.973
197.509
197.039
196.627
196.219
195.907
195.412
194.928
194.447
194.041
193.578
193.141
192.654
192.165
191.673
191.181
190.76
190.394
189.882
189.388
188.906
188.42
187.932
187.443
186.953
186.46
185.99
185.517
185.02
184.523
184.025
183.526
183.026
182.528
182.028
181.528
181.028
180.528
180.028
179.528
179.028
178.527
178.028
177.528
177.028
176.527
176.027
175.527
175.027
174.527
174.027
173.527
173.027
172.527
172.028
171.529
171.029
170.53
170.031
169.534
169.036
168.539
168.043
167.546
167.052
166.552
166.05
165.551
165.052
164.551
164.051
163.551
163.05
162.549
162.046
161.545
161.04
160.543
159.64
