355.615
355.115
354.615
354.115
353.616
353.116
352.616
352.116
351.616
351.116
350.616
350.116
349.616
349.116
348.616
348.117
347.617
347.117
346.617
346.117
345.617
345.117
344.617
344.117
343.617
343.117
342.617
342.117
341.617
341.117
340.617
340.117
339.617
339.117
338.617
338.117
337.617
337.117
336.617
336.117
335.617
335.117
334.618
334.118
333.618
333.118
332.618
332.119
331.619
331.12
330.62
330.12
329.621
329.121
328.621
328.123
327.623
327.123
326.623
326.124
325.624
325.124
324.624
324.123
323.618
323.114
322.631
322.14
321.64
321.14
320.649
320.161
319.657
319.154
318.654
318.154
317.654
317.155
316.656
316.156
315.658
315.158
314.66
314.161
313.662
313.164
312.665
312.167
311.668
311.17
310.671
310.172
309.674
309.175
308.677
308.178
307.679
307.181
306.682
306.183
305.684
305.185
304.687
304.188
303.689
303.189
302.69
302.191
301.692
301.192
300.693
300.195
299.695
299.196
298.697
298.197
297.698
297.198
296.699
296.199
295.699
295.2
294.7
294.201
293.701
293.201
292.702
292.202
291.703
291.203
290.703
290.204
289.704
289.204
288.704
288.205
287.705
287.205
286.706
286.207
285.708
285.208
284.708
284.209
283.709
283.21
282.71
282.212
281.712
281.213
280.713
280.214
279.715
279.215
278.716
278.217
277.718
277.219
276.72
276.22
275.721
275.221
274.721
274.218
273.734
273.242
272.741
272.24
271.74
271.24
270.74
270.24
269.74
269.24
268.74
268.239
267.739
267.239
266.739
266.239
265.739
265.239
264.739
264.238
263.738
263.238
262.738
262.238
261.738
261.238
260.739
260.239
259.74
259.241
258.742
258.243
257.745
257.247
256.75
256.253
255.769
255.286
254.946
254.662
254.145
253.62
253.149
252.684
252.222
251.775
251.312
250.778
250.778
250.639
249.875
249.875
249.767
249.41
248.976
248.573
248.253
247.912
247.582
247.274
246.98
246.699
246.43
246.156
245.888
245.645
245.402
245.134
244.888
244.657
244.448
244.239
243.965
243.674
243.495
243.325
243.058
242.802
242.542
242.278
242.01
241.739
241.464
241.185
240.903
240.618
240.329
240.038
239.744
239.448
239.15
238.849
238.547
238.243
237.938
237.632
237.324
237.015
236.706
236.397
236.086
235.775
235.464
235.152
234.841
234.529
234.217
233.905
233.593
233.281
232.969
232.658
232.346
232.035
231.723
231.412
231.101
230.79
230.479
230.168
229.857
229.547
229.236
228.925
228.616
228.305
227.995
227.684
227.373
227.063
226.753
226.443
226.133
225.822
225.512
225.202
224.891
224.581
224.27
223.96
223.649
223.339
223.028
222.717
222.407
222.096
221.785
221.474
221.164
220.852
220.541
220.23
219.919
219.608
219.297
218.985
218.674
218.362
218.051
217.739
217.428
217.116
216.804
216.492
216.18
215.868
215.557
215.245
214.933
214.621
214.308
213.996
213.684
213.372
213.059
212.747
212.435
212.122
211.81
211.497
211.185
210.873
210.56
210.248
209.935
209.622
209.309
208.996
208.684
208.371
208.058
207.745
207.433
207.12
206.807
206.494
206.181
205.868
205.554
205.241
204.928
204.614
204.301
203.987
203.674
203.36
203.046
202.732
202.418
202.104
201.789
201.475
201.159
200.844
200.529
200.213
199.897
199.581
199.264
198.946
198.629
198.311
197.993
197.674
197.355
197.035
196.715
196.395
196.074
195.752
195.43
195.107
194.783
194.46
194.136
193.812
193.486
193.161
192.835
192.51
192.184
191.859
191.533
191.208
190.883
190.558
190.235
189.913
189.592
189.272
188.954
188.639
188.326
188.015
187.708
187.405
187.104
186.809
186.518
186.232
185.953
185.682
185.415
185.16
184.913
184.673
184.456
184.241
184.006
183.787
183.58
183.376
183.18
183.004
182.851
182.739
182.56
182.392
182.232
182.107
181.964
181.826
181.684
181.548
181.414
181.285
181.181
181.095
180.973
180.859
180.754
180.653
180.557
180.467
180.382
180.302
180.232
180.168
180.105
180.047
179.995
179.947
179.903
179.864
179.829
179.797
179.768
179.742
179.717
179.695
179.675
179.655
179.636
179.617
179.599
179.58
179.56
179.539
179.518
179.495
179.47
179.444
179.415
179.385
179.353
179.319
179.284
179.247
179.208
179.169
179.129
179.089
179.049
179.01
178.974
178.939
178.909
178.883
178.864
178.852
178.85
178.857
178.877
178.911
178.962
179.03
179.12
179.23
179.48
