284.494
284.506
284.518
284.531
284.543
284.555
284.567
284.578
284.588
284.598
284.608
284.617
284.625
284.633
284.641
284.648
284.654
284.66
284.666
284.671
284.675
284.679
284.683
284.685
284.688
284.689
284.69
284.691
284.691
284.69
284.688
284.686
284.683
284.679
284.674
284.669
284.662
284.655
284.647
284.638
284.628
284.617
284.606
284.593
284.58
284.566
284.551
284.535
284.519
284.502
284.484
284.466
284.448
284.43
284.411
284.393
284.375
284.357
284.341
284.325
284.31
284.297
284.285
284.276
284.268
284.263
284.26
284.26
284.263
284.269
284.277
284.288
284.303
284.32
284.34
284.362
284.386
284.413
284.441
284.471
284.502
284.535
284.569
284.604
284.64
284.677
284.714
284.751
284.789
284.827
284.865
284.903
284.941
284.979
285.016
285.053
285.089
285.125
285.161
285.195
285.229
285.263
285.295
285.327
285.358
285.389
285.419
285.448
285.476
285.504
285.531
285.557
285.582
285.607
285.632
285.656
285.679
285.701
285.724
285.745
285.767
285.787
285.808
285.828
285.848
285.868
285.887
285.907
285.926
285.945
285.964
285.984
286.003
286.022
286.042
286.061
286.082
286.102
286.122
286.143
286.165
286.187
286.209
286.232
286.255
286.279
286.303
286.328
286.353
286.379
286.405
286.431
286.458
286.485
286.512
286.54
286.567
286.595
286.622
286.649
286.675
286.701
286.727
286.751
286.774
286.796
286.817
286.838
286.857
286.875
286.891
286.907
286.921
286.935
286.947
286.958
286.968
286.976
286.984
286.989
286.993
286.995
286.996
286.994
286.989
286.981
286.97
286.956
286.937
286.913
286.885
286.85
286.809
286.762
286.707
286.643
286.571
286.49
286.399
286.297
286.187
286.067
285.974
285.89
285.724
285.543
285.371
285.19
285.002
284.81
284.603
284.356
284.356
284.289
283.905
283.905
283.836
283.577
283.227
282.868
282.557
282.195
281.818
281.439
281.052
280.658
280.26
279.833
279.397
278.987
278.566
278.087
277.641
277.218
276.834
276.451
275.949
275.421
275.101
274.803
274.343
273.909
273.477
273.05
272.624
272.202
271.782
271.365
270.951
270.539
270.13
269.723
269.318
268.915
268.513
268.114
267.715
267.319
266.922
266.527
266.133
265.739
265.346
264.954
264.562
264.17
263.779
263.388
262.997
262.606
262.215
261.825
261.433
261.043
260.652
260.261
259.87
259.479
259.087
258.696
258.305
257.913
257.521
257.13
256.738
256.347
255.954
255.563
255.171
254.779
254.387
253.995
253.602
253.21
252.818
252.427
252.035
251.642
251.251
250.859
250.466
250.075
249.682
249.29
248.898
248.507
248.115
247.723
247.332
246.94
246.549
246.157
245.765
245.374
244.982
244.59
244.199
243.808
243.417
243.025
242.634
242.243
241.852
241.461
241.07
240.679
240.288
239.897
239.506
239.115
238.725
238.334
237.943
237.553
237.162
236.771
236.381
235.99
235.6
235.21
234.819
234.429
234.039
233.648
233.258
232.868
232.477
232.087
231.697
231.306
230.916
230.526
230.136
229.746
229.356
228.966
228.576
228.186
227.796
227.406
227.017
226.627
226.236
225.847
225.458
225.067
224.678
224.288
223.899
223.51
223.121
222.732
222.343
221.954
221.565
221.177
220.788
220.4
220.013
219.625
219.237
218.85
218.463
218.076
217.69
217.304
216.918
216.534
216.149
215.764
215.38
214.997
214.613
214.231
213.848
213.466
213.084
212.703
212.323
211.943
211.562
211.183
210.803
210.424
210.044
209.666
209.286
208.907
208.526
208.145
207.764
207.382
206.999
206.614
206.228
205.84
205.45
205.057
204.663
204.265
203.864
203.459
203.051
202.64
202.225
201.809
201.387
200.969
200.549
200.123
199.725
199.314
198.845
198.39
197.941
197.483
197.021
196.592
196.202
195.907
195.413
194.93
194.453
194.065
193.608
193.148
192.66
192.171
191.678
191.186
190.774
190.421
189.9
189.393
188.906
188.415
187.923
187.43
186.936
186.44
185.976
185.513
185.016
184.519
184.021
183.522
183.023
182.525
182.026
181.526
181.027
180.527
180.027
179.528
179.028
178.528
178.029
177.529
177.03
176.53
176.03
175.53
175.03
174.531
174.031
173.532
173.032
172.533
172.035
171.536
171.037
170.538
170.039
169.542
169.044
168.546
168.049
167.552
167.056
166.554
166.05
165.55
165.05
164.549
164.049
163.549
163.047
162.546
162.044
161.543
161.039
160.547
159.64
