355.615
355.115
354.615
354.115
353.616
353.116
352.616
352.116
351.616
351.116
350.616
350.116
349.616
349.116
348.616
348.117
347.617
347.117
346.617
346.117
345.617
345.117
344.617
344.117
343.617
343.117
342.617
342.117
341.617
341.117
340.617
340.117
339.617
339.117
338.617
338.117
337.617
337.117
336.617
336.117
335.617
335.117
334.617
334.117
333.617
333.117
332.617
332.118
331.618
331.118
330.618
330.119
329.62
329.12
328.62
328.122
327.622
327.123
326.624
326.125
325.626
325.126
324.627
324.127
323.626
323.124
322.634
322.139
321.639
321.139
320.644
320.15
319.648
319.148
318.648
318.15
317.65
317.151
316.653
316.154
315.656
315.157
314.66
314.161
313.662
313.165
312.666
312.168
311.67
311.172
310.673
310.174
309.676
309.177
308.679
308.18
307.681
307.183
306.684
306.185
305.686
305.187
304.688
304.189
303.69
303.19
302.691
302.192
301.693
301.193
300.694
300.195
299.695
299.196
298.697
298.197
297.698
297.198
296.699
296.199
295.699
295.2
294.7
294.201
293.701
293.201
292.702
292.202
291.703
291.203
290.703
290.204
289.704
289.204
288.704
288.205
287.705
287.205
286.706
286.206
285.707
285.207
284.707
284.208
283.708
283.209
282.709
282.21
281.711
281.212
280.712
280.213
279.714
279.215
278.716
278.217
277.718
277.219
276.72
276.221
275.722
275.222
274.722
274.22
273.735
273.242
272.741
272.241
271.74
271.24
270.74
270.24
269.74
269.24
268.74
268.24
267.74
267.24
266.74
266.24
265.74
265.24
264.739
264.239
263.739
263.239
262.739
262.239
261.739
261.239
260.739
260.239
259.739
259.241
258.741
258.242
257.744
257.246
256.749
256.252
255.768
255.285
254.946
254.666
254.15
253.626
253.156
252.69
252.228
251.78
251.315
250.778
250.778
250.636
249.875
249.875
249.763
249.375
248.91
248.496
248.146
247.795
247.469
247.15
246.887
246.628
246.369
246.126
245.896
245.688
245.481
245.265
245.059
244.859
244.666
244.466
244.239
243.999
243.795
243.59
243.334
243.076
242.809
242.534
242.252
241.964
241.669
241.369
241.064
240.756
240.444
240.131
239.815
239.498
239.18
238.863
238.544
238.227
237.91
237.594
237.279
236.965
236.651
236.339
236.028
235.717
235.407
235.098
234.789
234.481
234.173
233.865
233.557
233.249
232.942
232.634
232.326
232.018
231.71
231.402
231.093
230.785
230.475
230.167
229.857
229.548
229.238
228.928
228.618
228.308
227.998
227.688
227.377
227.067
226.756
226.446
226.136
225.825
225.514
225.204
224.893
224.583
224.272
223.961
223.65
223.34
223.029
222.718
222.408
222.096
221.786
221.475
221.164
220.853
220.542
220.23
219.919
219.608
219.297
218.985
218.674
218.362
218.051
217.739
217.428
217.116
216.804
216.492
216.181
215.869
215.557
215.245
214.933
214.621
214.308
213.996
213.684
213.372
213.059
212.747
212.435
212.122
211.81
211.497
211.185
210.872
210.559
210.247
209.934
209.621
209.308
208.995
208.682
208.369
208.057
207.744
207.431
207.118
206.805
206.491
206.179
205.865
205.552
205.238
204.925
204.611
204.298
203.984
203.67
203.356
203.042
202.728
202.413
202.099
201.784
201.47
201.154
200.839
200.524
200.209
199.893
199.578
199.262
198.946
198.63
198.314
197.998
197.682
197.366
197.049
196.732
196.415
196.098
195.781
195.463
195.145
194.826
194.507
194.188
193.868
193.547
193.225
192.903
192.579
192.255
191.93
191.604
191.277
190.949
190.62
190.292
189.962
189.633
189.303
188.975
188.647
188.321
187.998
187.677
187.36
187.046
186.737
186.434
186.138
185.848
185.567
185.294
185.033
184.783
184.541
184.32
184.103
183.884
183.68
183.484
183.298
183.119
182.97
182.829
182.725
182.564
182.412
182.266
182.146
182.011
181.887
181.749
181.613
181.478
181.344
181.23
181.133
180.999
180.872
180.752
180.636
180.524
180.418
180.318
180.225
180.143
180.069
179.998
179.935
179.881
179.834
179.795
179.763
179.737
179.718
179.704
179.695
179.69
179.688
179.689
179.693
179.697
179.703
179.709
179.714
179.718
179.72
179.719
179.715
179.708
179.696
179.68
179.658
179.63
179.596
179.556
179.51
179.458
179.4
179.338
179.271
179.201
179.13
179.06
178.991
178.927
178.87
178.823
178.788
178.768
178.766
178.784
178.824
178.886
178.972
179.082
179.212
179.48
