396.125
395.662
395.198
394.735
394.271
393.807
393.343
392.878
392.414
391.95
391.485
391.02
390.555
390.089
389.624
389.162
388.702
388.246
387.79
387.338
386.886
386.437
385.989
385.541
385.093
384.645
384.199
383.754
383.307
382.859
382.411
381.963
381.514
381.066
380.616
380.167
379.717
379.268
378.817
378.367
377.916
377.465
377.013
376.56
376.107
375.652
375.199
374.744
374.303
373.911
373.462
373.012
372.522
372.032
371.535
371.163
370.854
370.396
369.899
369.517
369.198
368.904
368.531
368.23
367.906
367.562
367.299
367
366.676
366.418
366.212
366.023
365.758
365.514
365.318
365.155
365.016
364.894
364.624
364.416
364.271
364.153
364.055
363.973
363.686
363.399
363.112
362.825
362.538
362.251
361.964
361.677
361.39
361.103
360.817
360.53
360.243
359.957
359.67
359.383
359.097
358.81
358.524
358.237
357.951
357.665
357.378
357.092
356.806
356.52
356.234
355.948
355.662
355.376
355.09
354.804
354.519
354.233
353.948
353.662
353.377
353.091
352.806
352.521
352.236
351.951
351.666
351.382
351.097
350.813
350.528
350.244
349.96
349.676
349.392
349.109
348.825
348.542
348.259
347.976
347.693
347.41
347.128
346.846
346.564
346.282
346.001
345.721
345.439
345.159
344.879
344.598
344.319
344.039
343.761
343.482
343.204
342.926
342.648
342.371
342.095
341.82
341.543
341.268
340.995
340.72
340.446
340.173
339.903
339.63
339.359
339.09
338.823
338.552
338.283
338.016
337.751
337.481
337.212
336.945
336.675
336.405
336.136
335.867
335.597
335.327
335.057
334.787
334.517
334.247
333.976
333.706
333.436
333.166
332.896
332.626
332.356
332.086
331.816
331.546
331.276
331.006
330.736
330.466
330.196
329.926
329.656
329.386
329.116
328.846
328.576
328.306
328.036
327.766
327.496
327.226
326.956
326.686
326.416
326.146
325.877
325.607
325.337
325.067
324.797
324.527
324.257
323.987
323.717
323.448
323.178
322.908
322.638
322.368
322.098
321.829
321.559
321.289
321.019
320.749
320.48
320.21
319.94
319.67
319.401
319.131
318.861
318.591
318.322
318.052
317.782
317.513
317.243
316.974
316.704
316.434
316.165
315.895
315.626
315.356
315.087
314.817
314.548
314.278
314.009
313.739
313.47
313.2
312.931
312.661
312.392
312.123
311.853
311.584
311.315
311.046
310.776
310.507
310.238
309.969
309.7
309.43
309.161
308.892
308.623
308.354
308.085
307.816
307.547
307.278
307.01
306.741
306.472
306.203
305.934
305.666
305.397
305.129
304.86
304.591
304.323
304.054
303.786
303.518
303.249
302.981
302.713
302.445
302.177
301.909
301.641
301.373
301.105
300.837
300.57
300.302
300.035
299.767
299.5
299.233
298.965
298.699
298.432
298.165
297.898
297.631
297.365
297.099
296.832
296.566
296.3
296.034
295.769
295.503
295.238
294.973
294.708
294.444
294.179
293.915
293.651
293.388
293.124
292.861
292.599
292.336
292.074
291.812
291.552
291.291
291.031
290.771
290.513
290.256
289.999
289.744
289.49
289.237
288.986
288.736
288.488
288.241
287.995
287.754
287.513
287.276
287.039
286.806
286.587
286.375
286.17
285.977
285.788
285.61
285.45
285.329
285.25
285.158
285.058
284.848
284.79
284.737
284.682
284.615
284.539
284.341
284.006
283.649
283.817
283.934
284.005
284.045
284.066
284.076
284.082
284.086
284.088
284.09
284.091
284.093
284.095
284.096
284.098
284.1
284.102
284.104
284.106
284.108
284.111
284.113
284.115
284.118
284.121
284.124
284.127
284.13
284.133
284.137
284.141
284.145
284.149
284.153
284.158
284.164
284.173
284.188
284.238
284.32
284.396
284.466
284.532
284.592
284.647
284.697
284.743
284.784
284.821
284.854
284.883
284.909
284.931
284.95
284.967
284.981
284.994
285.004
285.015
285.024
285.048
285.164
