171.479
171.667
171.854
172.042
172.229
172.415
172.601
172.786
172.972
173.158
173.343
173.527
173.709
173.892
174.075
174.265
174.463
174.667
174.873
175.086
175.299
175.52
175.742
175.963
176.185
176.408
176.633
176.862
177.085
177.308
177.53
177.751
177.973
178.193
178.413
178.632
178.85
179.069
179.286
179.503
179.719
179.935
180.149
180.361
180.573
180.781
180.99
181.198
181.435
181.745
181.965
182.182
182.283
182.381
182.434
182.769
183.161
183.361
183.42
183.743
184.128
184.532
184.865
185.265
185.645
186.008
186.433
186.834
187.215
187.643
188.099
188.562
188.986
189.422
189.882
190.355
190.835
191.32
191.741
192.196
192.674
193.16
193.65
194.144
194.553
194.962
195.372
195.781
196.191
196.6
197.01
197.419
197.829
198.238
198.648
199.057
199.467
199.877
200.286
200.696
201.106
201.516
201.925
202.335
202.745
203.155
203.565
203.975
204.385
204.795
205.205
205.615
206.025
206.435
206.846
207.256
207.666
208.077
208.487
208.898
209.308
209.719
210.13
210.54
210.951
211.362
211.773
212.184
212.595
213.006
213.418
213.829
214.241
214.652
215.064
215.476
215.888
216.299
216.712
217.124
217.536
217.949
218.361
218.774
219.187
219.6
220.013
220.427
220.841
221.255
221.669
222.083
222.497
222.912
223.327
223.742
224.158
224.574
224.989
225.405
225.822
226.24
226.656
227.074
227.492
227.91
228.328
228.748
229.168
229.587
230.007
230.428
230.851
231.272
231.693
232.115
232.54
232.961
233.382
233.805
234.226
234.647
235.068
235.489
235.91
236.331
236.752
237.173
237.593
238.014
238.435
238.856
239.276
239.697
240.118
240.539
240.96
241.38
241.801
242.222
242.643
243.064
243.485
243.905
244.326
244.747
245.168
245.589
246.01
246.43
246.851
247.272
247.693
248.114
248.535
248.956
249.376
249.797
250.218
250.639
251.06
251.481
251.902
252.323
252.743
253.164
253.585
254.006
254.427
254.848
255.269
255.69
256.111
256.532
256.953
257.374
257.795
258.216
258.637
259.058
259.479
259.9
260.32
260.742
261.163
261.584
262.005
262.426
262.847
263.268
263.689
264.11
264.531
264.952
265.373
265.794
266.215
266.636
267.057
267.478
267.9
268.321
268.742
269.163
269.584
270.005
270.427
270.848
271.269
271.69
272.112
272.533
272.954
273.375
273.797
274.218
274.639
275.061
275.482
275.903
276.325
276.746
277.167
277.589
278.01
278.432
278.853
279.275
279.696
280.118
280.539
280.961
281.382
281.804
282.226
282.647
283.069
283.491
283.913
284.334
284.756
285.178
285.6
286.022
286.444
286.866
287.288
287.71
288.132
288.554
288.976
289.398
289.82
290.243
290.665
291.087
291.51
291.932
292.355
292.777
293.2
293.623
294.046
294.468
294.891
295.314
295.737
296.161
296.584
297.007
297.431
297.854
298.277
298.701
299.125
299.549
299.973
300.398
300.822
301.246
301.671
302.096
302.521
302.946
303.372
303.797
304.223
304.649
305.076
305.503
305.929
306.357
306.785
307.214
307.642
308.073
308.503
308.935
309.367
309.8
310.234
310.669
311.104
311.542
311.981
312.421
312.861
313.304
313.753
314.206
314.662
315.123
315.586
316.053
316.527
317.012
317.506
317.997
318.487
318.941
319.438
319.935
320.432
320.927
321.421
321.881
322.251
322.601
323.072
323.558
324.053
324.552
325.051
325.551
326.051
326.551
327.051
327.551
328.051
328.551
329.051
329.551
330.051
330.551
331.051
331.551
332.051
332.551
333.051
333.551
334.051
334.551
335.051
335.551
336.051
336.551
337.051
337.551
338.051
338.551
339.051
339.551
340.051
340.551
341.051
341.55
342.048
342.541
343.035
343.53
344.026
344.522
345.019
345.517
346.015
346.513
347.012
347.511
348.01
348.509
349.009
349.508
350.008
350.508
351.008
351.507
352.007
352.507
353.007
353.647
