284.494
284.506
284.518
284.531
284.545
284.556
284.566
284.577
284.586
284.595
284.604
284.612
284.62
284.628
284.635
284.642
284.648
284.654
284.659
284.664
284.668
284.672
284.676
284.679
284.682
284.684
284.686
284.687
284.688
284.688
284.688
284.687
284.685
284.683
284.681
284.678
284.674
284.67
284.665
284.659
284.653
284.645
284.638
284.629
284.619
284.609
284.598
284.586
284.573
284.559
284.544
284.528
284.511
284.492
284.473
284.452
284.43
284.406
284.382
284.354
284.327
284.296
284.266
284.228
284.194
284.102
284.061
284.068
284.072
284.078
284.084
284.134
284.218
284.255
284.292
284.33
284.367
284.405
284.443
284.481
284.518
284.556
284.594
284.632
284.67
284.708
284.746
284.784
284.822
284.86
284.898
284.936
284.973
285.011
285.049
285.085
285.121
285.155
285.189
285.223
285.255
285.287
285.317
285.348
285.377
285.406
285.434
285.462
285.489
285.515
285.541
285.566
285.591
285.615
285.639
285.662
285.685
285.707
285.729
285.751
285.772
285.793
285.813
285.833
285.853
285.872
285.892
285.91
285.929
285.947
285.965
285.983
286.001
286.018
286.036
286.054
286.072
286.091
286.109
286.128
286.147
286.167
286.187
286.208
286.228
286.25
286.272
286.294
286.317
286.341
286.365
286.391
286.416
286.444
286.471
286.501
286.53
286.562
286.594
286.631
286.666
286.709
286.748
286.863
286.913
286.903
286.897
286.892
286.889
286.886
286.884
286.881
286.878
286.875
286.872
286.869
286.866
286.862
286.858
286.854
286.85
286.846
286.842
286.837
286.832
286.826
286.821
286.815
286.809
286.802
286.795
286.787
286.78
286.771
286.763
286.753
286.744
286.732
286.721
286.704
286.691
286.651
286.618
286.36
286.028
285.812
285.595
285.377
285.15
284.919
284.594
284.195
283.762
284.2
284.516
284.589
284.237
283.83
283.39
283.056
282.703
282.247
281.89
281.455
280.989
280.709
280.279
279.81
279.344
278.87
278.461
278.002
277.516
277.054
276.582
276.183
275.767
275.293
274.8
274.437
274.043
273.649
273.255
272.862
272.468
272.074
271.68
271.286
270.893
270.499
270.105
269.712
269.318
268.925
268.531
268.138
267.744
267.351
266.957
266.564
266.171
265.777
265.384
264.991
264.598
264.204
263.811
263.418
263.025
262.632
262.239
261.846
261.453
261.06
260.667
260.274
259.882
259.489
259.096
258.703
258.311
257.918
257.525
257.133
256.74
256.348
255.955
255.563
255.171
254.778
254.386
253.994
253.601
253.209
252.817
252.425
252.033
251.641
251.249
250.857
250.465
250.073
249.681
249.289
248.897
248.506
248.114
247.722
247.331
246.939
246.548
246.156
245.765
245.373
244.982
244.59
244.199
243.808
243.417
243.025
242.634
242.243
241.852
241.461
241.07
240.679
240.288
239.897
239.506
239.115
238.725
238.334
237.943
237.553
237.162
236.771
236.381
235.99
235.6
235.21
234.819
234.429
234.039
233.648
233.258
232.868
232.478
232.088
231.697
231.307
230.917
230.527
230.137
229.747
229.358
228.967
228.578
228.188
227.798
227.408
227.019
226.629
226.239
225.849
225.46
225.07
224.681
224.291
223.902
223.513
223.124
222.734
222.346
221.957
221.568
221.18
220.791
220.403
220.015
219.626
219.239
218.851
218.463
218.076
217.688
217.301
216.914
216.528
216.142
215.755
215.37
214.984
214.599
214.214
213.829
213.444
213.059
212.674
212.29
211.906
211.522
211.138
210.754
210.371
209.988
209.607
209.225
208.844
208.462
208.08
207.698
207.316
206.933
206.551
206.169
205.787
205.405
205.023
204.64
204.259
203.877
203.497
203.111
202.724
202.34
201.942
201.545
201.141
200.72
200.293
199.854
199.373
198.884
198.439
197.963
197.492
197.015
196.535
196.412
195.912
195.415
194.918
194.424
193.931
193.64
193.149
192.65
192.153
191.655
191.157
190.658
190.209
189.859
189.406
188.923
188.44
187.957
187.474
186.991
186.508
186.024
185.525
185.025
184.526
184.026
183.526
183.026
182.527
182.027
181.527
181.027
180.527
180.027
179.527
179.027
178.527
178.028
177.528
177.028
176.528
176.028
175.528
175.028
174.528
174.028
173.528
173.028
172.528
172.029
171.529
171.029
170.529
170.029
169.53
169.03
168.53
168.031
167.531
167.032
166.533
166.033
165.533
165.034
164.534
164.034
163.535
163.035
162.535
162.035
161.536
161.036
160.536
159.64
