355.615
355.115
354.615
354.115
353.616
353.116
352.616
352.116
351.616
351.116
350.616
350.116
349.616
349.116
348.616
348.117
347.617
347.117
346.617
346.117
345.617
345.117
344.617
344.117
343.617
343.117
342.617
342.117
341.617
341.117
340.617
340.117
339.617
339.117
338.617
338.117
337.617
337.117
336.617
336.117
335.617
335.117
334.617
334.117
333.617
333.117
332.617
332.118
331.618
331.118
330.618
330.118
329.619
329.119
328.619
328.12
327.62
327.121
326.621
326.122
325.623
325.124
324.625
324.126
323.627
323.136
322.638
322.138
321.638
321.138
320.638
320.14
319.647
319.149
318.65
318.152
317.653
317.154
316.656
316.157
315.659
315.16
314.662
314.163
313.664
313.166
312.667
312.169
311.67
311.172
310.673
310.174
309.676
309.177
308.679
308.18
307.681
307.183
306.684
306.185
305.686
305.187
304.688
304.189
303.69
303.19
302.691
302.192
301.693
301.193
300.694
300.195
299.695
299.196
298.697
298.197
297.698
297.198
296.699
296.199
295.699
295.2
294.7
294.201
293.701
293.201
292.702
292.202
291.703
291.203
290.703
290.204
289.704
289.204
288.704
288.205
287.705
287.205
286.706
286.206
285.707
285.207
284.707
284.208
283.708
283.209
282.709
282.21
281.71
281.211
280.711
280.212
279.713
279.213
278.714
278.215
277.716
277.217
276.718
276.219
275.72
275.222
274.724
274.237
273.74
273.24
272.74
272.24
271.74
271.24
270.74
270.24
269.74
269.24
268.74
268.24
267.74
267.24
266.74
266.24
265.74
265.24
264.74
264.24
263.74
263.24
262.74
262.24
261.74
261.24
260.74
260.24
259.74
259.241
258.741
258.241
257.741
257.241
256.741
256.241
255.742
255.243
254.744
254.316
253.943
253.491
253.041
252.591
252.146
251.702
251.322
251.021
250.772
250.532
250.144
249.65
249.295
249.004
248.768
248.395
248.041
247.836
247.486
247.24
247.059
246.645
246.39
246.217
246.035
245.877
245.589
245.391
245.275
245.084
244.917
244.616
244.338
244.18
244.093
243.75
243.442
243.134
242.826
242.518
242.21
241.902
241.594
241.286
240.977
240.669
240.361
240.053
239.744
239.436
239.127
238.819
238.51
238.202
237.893
237.585
237.276
236.967
236.658
236.35
236.041
235.732
235.423
235.114
234.805
234.496
234.187
233.878
233.568
233.259
232.95
232.641
232.331
232.022
231.712
231.403
231.093
230.784
230.474
230.165
229.855
229.545
229.235
228.925
228.616
228.306
227.996
227.686
227.375
227.065
226.755
226.445
226.135
225.824
225.514
225.204
224.893
224.583
224.272
223.961
223.651
223.34
223.029
222.719
222.408
222.097
221.786
221.475
221.164
220.853
220.542
220.23
219.919
219.608
219.297
218.985
218.674
218.362
218.051
217.739
217.428
217.116
216.804
216.492
216.181
215.869
215.557
215.245
214.933
214.621
214.308
213.996
213.684
213.372
213.059
212.747
212.435
212.122
211.81
211.497
211.185
210.872
210.559
210.247
209.934
209.621
209.308
208.995
208.682
208.369
208.056
207.744
207.43
207.117
206.804
206.491
206.178
205.865
205.551
205.238
204.925
204.611
204.298
203.984
203.67
203.356
203.042
202.729
202.414
202.1
201.785
201.471
201.156
200.841
200.526
200.211
199.895
199.58
199.264
198.947
198.632
198.315
197.998
197.681
197.364
197.046
196.728
196.41
196.091
195.772
195.453
195.134
194.814
194.495
194.175
193.856
193.535
193.215
192.894
192.573
192.251
191.928
191.605
191.282
190.959
190.636
190.314
189.991
189.67
189.346
189.024
188.702
188.379
188.056
187.735
187.412
187.089
186.764
186.445
186.13
185.809
185.507
185.203
184.908
184.639
184.378
184.139
184.003
183.897
183.67
183.514
183.348
183.199
183.059
182.574
182.587
182.538
182.484
182.405
182.321
181.914
181.822
181.788
181.729
181.688
181.646
181.608
181.389
181.031
180.822
180.691
180.561
180.432
180.302
180.174
180.045
179.918
179.895
179.874
179.855
179.838
179.822
179.808
179.794
179.782
179.77
179.759
179.749
179.739
179.73
179.721
179.712
179.703
179.695
179.687
179.678
179.67
179.661
179.653
179.644
179.634
179.625
179.614
179.604
179.592
179.58
179.567
179.553
179.538
179.522
179.504
179.485
179.463
179.441
179.414
179.386
179.366
179.348
179.329
179.313
179.296
179.28
179.264
179.249
179.232
179.216
179.196
179.177
179.48
